(node,node.getParent)
node=(parentAttributeValue,attribute)

((0,0.0,0.0),null)
((158,(1,A)),(0,0.0,0.0))
((0,(12,B)),(158,(1,A)))
((1,(13,C)),(158,(1,A)))
((0,(2,D)),(0,(12,B)))
((1,(13,E)),(0,(12,B)))
((0,(13,F)),(1,(13,C)))
((1,(1,G)),(1,(13,C)))
((0,(1,G)),(0,(2,D)))
((1,(13,F)),(0,(2,D)))
((0,(0,0.0,0.0)),(1,(13,E)))
((1,(0,0.0,0.0)),(1,(13,E)))
((0,(0,0.0,0.0)),(0,(13,F)))
((1,(13,H)),(0,(13,F)))
((0,(13,J)),(1,(1,G)))
((1,(2,K)),(1,(1,G)))
((0,(3,L)),(0,(1,G)))
((1,(13,J)),(0,(1,G)))
((0,(0,0.0,0.0)),(1,(13,F)))
((1,(13,H)),(1,(13,F)))
((0,(0,0.0,0.0)),(0,(0,0.0,0.0)))
((1,(0,0.0,0.0)),(0,(0,0.0,0.0)))
((0,(0,0.0,0.0)),(1,(13,H)))
((1,(0,0.0,0.0)),(1,(13,H)))
((0,(0,0.0,0.0)),(0,(13,J)))
((1,(0,0.0,0.0)),(0,(13,J)))
((0,(1,M)),(1,(2,K)))
((1,(13,N)),(1,(2,K)))
((0,(1,O)),(0,(3,L)))
((1,(13,P)),(0,(3,L)))
((0,(0,0.0,0.0)),(1,(13,J)))
((1,(0,0.0,0.0)),(1,(13,J)))
((0,(0,0.0,0.0)),(0,(0,0.0,0.0)))
((1,(0,0.0,0.0)),(0,(0,0.0,0.0)))
((0,(0,0.0,0.0)),(1,(13,H)))
((1,(0,0.0,0.0)),(1,(13,H)))
((0,(13,Q)),(0,(1,M)))
((1,(3,R)),(0,(1,M)))
((0,(13,H)),(1,(13,N)))
((1,(0,0.0,0.0)),(1,(13,N)))
((0,(4,S)),(0,(1,O)))
((1,(13,T)),(0,(1,O)))
((0,(4,U)),(1,(13,P)))
((1,(13,V)),(1,(13,P)))
((0,(0,0.0,0.0)),(0,(13,Q)))
((1,(0,0.0,0.0)),(0,(13,Q)))
((0,(10,W)),(1,(3,R)))
((1,(6,W)),(1,(3,R)))
((0,(0,0.0,0.0)),(0,(13,H)))
((1,(0,0.0,0.0)),(0,(13,H)))
((0,(0,0.0,0.0)),(1,(0,0.0,0.0)))
((1,(0,0.0,0.0)),(1,(0,0.0,0.0)))
((0,(1,X)),(0,(4,S)))
((1,(13,Y)),(0,(4,S)))
((0,(0,0.0,0.0)),(1,(13,T)))
((1,(0,0.0,0.0)),(1,(13,T)))
((0,(1,Z)),(0,(4,U)))
((1,(1,Z)),(0,(4,U)))
((0,(0,0.0,0.0)),(1,(13,V)))
((1,(0,0.0,0.0)),(1,(13,V)))
((0,(13,V)),(0,(10,W)))
((1,(5,U)),(0,(10,W)))
((0,(13,V)),(1,(6,W)))
((1,(5,U)),(1,(6,W)))
((0,(6,U)),(0,(1,X)))
((1,(13,V)),(0,(1,X)))
((0,(0,0.0,0.0)),(1,(13,Y)))
((1,(13,H)),(1,(13,Y)))
((0,(0,0.0,0.0)),(0,(1,Z)))
((1,(13,H)),(0,(1,Z)))
((0,(0,0.0,0.0)),(1,(1,Z)))
((1,(13,H)),(1,(1,Z)))
((0,(0,0.0,0.0)),(0,(13,V)))
((1,(0,0.0,0.0)),(0,(13,V)))
((0,(1,Z)),(1,(5,U)))
((1,(1,Z)),(1,(5,U)))
((0,(0,0.0,0.0)),(0,(13,V)))
((1,(0,0.0,0.0)),(0,(13,V)))
((0,(1,Z)),(1,(5,U)))
((1,(1,Z)),(1,(5,U)))
((0,(1,Z)),(0,(6,U)))
((1,(1,Z)),(0,(6,U)))
((0,(0,0.0,0.0)),(1,(13,V)))
((1,(0,0.0,0.0)),(1,(13,V)))
((0,(0,0.0,0.0)),(0,(0,0.0,0.0)))
((1,(0,0.0,0.0)),(0,(0,0.0,0.0)))
((0,(0,0.0,0.0)),(1,(13,H)))
((1,(0,0.0,0.0)),(1,(13,H)))
((0,(0,0.0,0.0)),(0,(0,0.0,0.0)))
((1,(0,0.0,0.0)),(0,(0,0.0,0.0)))
((0,(0,0.0,0.0)),(1,(13,H)))
((1,(0,0.0,0.0)),(1,(13,H)))
((0,(0,0.0,0.0)),(0,(0,0.0,0.0)))
((1,(0,0.0,0.0)),(0,(0,0.0,0.0)))
((0,(0,0.0,0.0)),(1,(13,H)))
((1,(0,0.0,0.0)),(1,(13,H)))
((0,(13,H)),(0,(1,Z)))
((1,(0,0.0,0.0)),(0,(1,Z)))
((0,(13,H)),(1,(1,Z)))
((1,(0,0.0,0.0)),(1,(1,Z)))
((0,(13,H)),(0,(1,Z)))
((1,(0,0.0,0.0)),(0,(1,Z)))
((0,(13,H)),(1,(1,Z)))
((1,(0,0.0,0.0)),(1,(1,Z)))
((0,(0,0.0,0.0)),(0,(1,Z)))
((1,(13,H)),(0,(1,Z)))
((0,(0,0.0,0.0)),(1,(1,Z)))
((1,(13,H)),(1,(1,Z)))
((0,(0,0.0,0.0)),(0,(13,H)))
((1,(0,0.0,0.0)),(0,(13,H)))
((0,(0,0.0,0.0)),(1,(0,0.0,0.0)))
((1,(0,0.0,0.0)),(1,(0,0.0,0.0)))
((0,(0,0.0,0.0)),(0,(13,H)))
((1,(0,0.0,0.0)),(0,(13,H)))
((0,(0,0.0,0.0)),(1,(0,0.0,0.0)))
((1,(0,0.0,0.0)),(1,(0,0.0,0.0)))
((0,(0,0.0,0.0)),(0,(13,H)))
((1,(0,0.0,0.0)),(0,(13,H)))
((0,(0,0.0,0.0)),(1,(0,0.0,0.0)))
((1,(0,0.0,0.0)),(1,(0,0.0,0.0)))
((0,(0,0.0,0.0)),(0,(13,H)))
((1,(0,0.0,0.0)